ReinChange = 15.5, BradleyChange = 15.5, ThomasChange = 15.5, HoekChange = 15.5, JackChange = -15.5, WesselChange = -15.5, TomChange = -15.5, NielsChange = -15.5, Team1Perf = 1200, Team2Perf = 800, DateOfMatch = 07/04/2021 18:55:50
ReinChange = 53.46127897427435, JackChange = 57.7326698201571, AlexChange = 64.30963608956381, AaronChange = 64.30963608956381, MossChange = -63.67290701937013, AdamChange = -63.67290701937013, HoekChange = -57.31930941571686, LukeChange = -63.67290701937013, Team1Perf = 1404, Team2Perf = 600, DateOfMatch = 07/04/2021 18:57:15
AronChange = 374.19098358277625, ReinChange = 267.7125359004671, LukeChange = 344.4045159211268, ThomasChange = 318.68811066803704, JackChange = -300.4168781239837, AdamChange = -303.3884771630342, MossChange = -303.3884771630342, AlexChange = -345.0555641553823, Team1Perf = 1995, Team2Perf = 5, DateOfMatch = 07/04/2021 18:57:58
ReinChange = 4.3093114402130235, MossChange = 24.326640655632453, AaronChange = 13.883956731554735, AronChange = 4.1902031577214744, LukeChange = -21.657660652271616, AdamChange = -3.6420456295861126, AlexChange = -6.033006882596844, KoenChange = -17.954517488925934, Team1Perf = 1509, Team2Perf = 503, DateOfMatch = 07/04/2021 18:59:25
LukeChange = 1.2450031679743416, ReinChange = 0.5232352631831836, KoenChange = 4.389037696477934, LuddowChange = 4.869633797456124, JackChange = 0.024735162277635926, NielsChange = -2.4451748472219723, TomChange = -2.4451748472219723, ThomasChange = -5.357610277159598, Team1Perf = 1412, Team2Perf = 746, DateOfMatch = 07/04/2021 18:59:55
ReinChange = 30.185555117295582, LukeChange = 25.863791135296182, BradleyChange = 7.79089797795854, AdamChange = -27.767725480622676, ThomasChange = -23.611409883204637, MossChange = 35.72662768844447, AaronChange = -1.5609642498797918, AlexChange = 30.862854116997816, Team1Perf = 945, Team2Perf = 1063, DateOfMatch = 07/04/2021 23:23:21
ReinChange = -39.36060367831391, BradleyChange = 15.463094302194751, ThomasChange = -28.739488400038724, HoekChange = 25.61563096525191, JackChange = 34.67481752613368, WesselChange = -2.967664563047477, TomChange = -2.6552788195687955, NielsChange = -2.6552788195687955, Team1Perf = 1123, Team2Perf = 966, DateOfMatch = 07/04/2021 23:31:51
ReinChange = -2.0659118269235486, JackChange = 24.694853000900093, AlexChange = 30.41662006278542, AaronChange = 11.933527944340995, MossChange = -6.161030706148142, AdamChange = -1.110095622729395, HoekChange = -19.265828897589373, LukeChange = -39.13087070121117, Team1Perf = 1293, Team2Perf = 584, DateOfMatch = 07/04/2021 23:32:38
AronChange = 8.360947585638211, ReinChange = 7.310157974147291, LukeChange = 10.02068904184431, ThomasChange = 9.399748908909512, JackChange = -9.40421364382489, AdamChange = -6.27363651551363, MossChange = -8.115045185596129, AlexChange = -9.977865584400517, Team1Perf = 1718, Team2Perf = 310, DateOfMatch = 07/04/2021 23:33:40
ReinChange = -1.7361543103540955, MossChange = 30.54755219610346, AaronChange = 11.76580994317929, AronChange = -4.7505148127390555, LukeChange = -26.323935654520024, AdamChange = 6.286312992124185, AlexChange = -2.0626964505407486, KoenChange = -16.783596967324076, Team1Perf = 1303, Team2Perf = 725, DateOfMatch = 07/04/2021 23:34:27
